168,211,170,410,255,411,253,212
267,289,266,512,384,512,381,294
171,419,172,446,256,447,252,422
171,458,174,472,226,476,252,465,253,457
171,487,173,512,251,514,254,480,230,486
260,205,269,273,387,282,388,214
267,144,266,195,390,200,387,149
166,521,181,696,233,660,300,653,308,627,383,618,387,532
399,525,395,594,458,599,460,528
398,166,395,284,570,286,572,278,546,249,519,246,506,170
393,290,400,379,619,378,635,304,620,294
396,388,399,424,599,429,613,388
398,430,403,460,590,458,594,436
399,473,401,512,587,515,591,470
473,529,471,601,523,596,524,531
92,169,88,410,156,408,157,200,248,198,259,131,247,106,149,108,146,134,127,164
720,175,711,230,777,220,780,172
829,106,830,153,897,161,883,95
